INDEX.

1151181815 symboli, or 5551858155 51 855
Orod, 805, 888
15 855 11558555 (155555, 889, 580
, 15 8556515555 1515, 880
8551555555 (555-(155555), 456, 467
affixae& 51 Rome, 845
1
1851155478
depositio, 401
translation 51 408, 405, 409, 418
Galliam, 5815555, 415
855555158155 51 85855 (m 8555555115),
804, 884, 889, 589, 588
8555555555, 855, 448
8555558155, 185, 848, 408
5555555 55
¹¹ 2
15 855 Gallim 11555, 195
15555πᾶ5555, 498
18551555 518, 185
31855 5
m mamugo, 489
1155195115, 888
ἕψω 11555, 151, 888, 889
5555-
(15555, 55815518)1 51, 177
elam, 5555555555 51, 814
1155, 54
5 “ “ 51, 86 d 5 .
1 55555 51, 15 51, 100
1185531551 books, 180-150
855 5155 Ordines 11551551
185155-
iffi efflat& 8155, 15), 15, 44 (Γ
¹m‚11?³0,251,1¹²90⁰¹ ¹⁰⁸³⁸¹¹ ¹⁶*

exceptional ’81555115 515555, 88 1

55155555 wi 511155, 88
Emer 55581555 58, 811
seven regwnu 51, 845
55155555 5155555 51, 889
ὦῶψήῧ ι58, 458
115955η4υ111, 484
11595855 a mmm, 495, 507, 509

8

8551555170
8555115555, 148
sacrament: ,111, 119
65111555, 58
1111118118401486
(151551551ῗο1, 188, 878, 818888, 888
5555ςί58155 51, 185-184
85 urite· ι5,895,898

5 “ 8155 51855 15, 851, 854, 855, 868,

866, 874

ff

85555ωὲ ,ὴὼωὶΐῖὂέ fflfflon o?
555551 5155515’
velatio 1115515555 15, 484
m ' 15, 488, 488
555555· ’55515551558515488489
51555153 518555551 555815 15, 858
51 Adrion, 551158 theo 5155, 109,
180-185, 179, 180, 84, 875, 881,
10 8Γ 711
5185535155, 110 η’ ’
51815555, 160, 198
monim,1³³,13⁵,1⁸⁸‚ 155, 55, 55,
867, 875, 484, 480, 481
5511555555 15, 851, 855
01Drogo, 487
Sacri ’555806
88 ,1151551511858185

518. fragments 58, 157
851585, 855-

51855)1 51, 164

lectionum lives 51, 195

15555515 51, 865, 869 a 555, 876
851155, 555 51, 804, 817, 888
8518, 1185151551 555 51, 896, 817, 881, 410
8515858155, li ⁹0⁸1, 88, 166, 191
Sancta, 1185 51 8 e, 185
Sancta 5555815, 68, 88, 888
Sanctus, 155, 61, 117, 118

15 ,4155555555 518ιιτςγ, 88

15ἳ111ἓ5155 51555, 176, 179 (5551155551),
Sanctus Dm Archa dorum, 198
8555 155, 181555 5111515515, 75, 88, 848,

0, 876. 8551515555 51

85855655, 881, 888, 848
8515555155, 855, 861

1 schola zamma

, Schola Camarum (or 855551 51 (1551555 58
= nome), 155, 115,185,169,518,545,
1 5551118113 1110’ am

8555815155, 898, 808, 819, 888
scyphus, 174, 455, 454
8555511ἱοί5555, 148
Secreta (or 55 551585 , 118, 167, 175,
808808 (gratio 58 , 817
8555555555, 168, 86
8551515555, 588
madianita, 459
§m 5555254,4 580
85555155, Bis op 51 5581555, 19
8555555, or 1155511155, 40, 170, 171, 878
81111181 18511 15
st. 5555551ιί5 unt, 515
85 855 compotem, 888 ,
servia, 71
seven 85515555, 188

 

