544 00000.

90010· 01 the 0101, 965 10100,οἱ0001000110000,498,444
with 00, 804, 917, 991 01 (1οὼ00000 0100100000 416
1101000), 116 1010010000000001000 01)-
1000001019 (1000000001, 16
00000110 uid 000060 10 bishopuof, 19
00010011000000001 000110) 0000, 11 (1)0000001,14,16
000001, 15 Ρο001001 11010ιο 167
110001, 54 Atheni, Synod 01, 71
1010000001, 65, 66 Angustiae 01 6001001) ,,81. 45
000Ιωί000001 10100000 01, 71 consecrated 0091010001110000, 91
1111160111 {gmnng mtmduoed ‘t' m 1111 (iffiiulffigoonffi' 10 tho lle·
910000 01, Fabius, 844 000010,157,110
10000001, Serapion, 19 palliumgivenio, 985, 990
100 ing 01 800100 01, 137 Augustino 01 Η1000,174,181, 185, 961,
101101οΜ(40110100007000), 116 697,37
0001 by Pope Paul 10 Pepin, 101 Autan, 11100011 01, 151
01900000157,115 910100 01, 985
h 01000), 116 50100008000001, 151
41000 00 (01011000 11401000,187 1 10000000, 99
10 110 (10111000 l 000, 190
01 the post 110000ιί100, 165
01 dedication 01 church, 406, 410 Β
01110000, 491
1000011010000100000, 56 ¹ Bacca, 483
liturg, 01, 64, 101, 101 Ι 9000110001000007100 the 1100010185,
chanling (10000009Ι in, 119 , 851, 461
610000) excelsum 166 ¹ 8000009011000000001, 187
11100010, 100 hymnirom, 116
00 falling, 143 Ba 11000, 191, 908, 991 ei seq„ 387
00 baptism, 917 01011100100001000, 934
00 ordination 376 0000091001011000001100, 194
on 00011000), 436 according 10 Gallicanae, 316, 920
100000ιί100, 561, 513, 5145 10 the Eastem chureii, 317
Aquileia, 600001101, 91 preparation for 198
early 00001, 90, 94, 97, 89 (1100011ος 01300000001811, 914, ὣῦ
11100001, 88, 94 0000010001, 819, 315, 936, 931, 931
Metropolim 01, 41, 971, 974 Chrism 0000 01, 311
90100100 among the Gothi, 19 001010 000001, 914, 310916
01 Milan, 36, 99, 94 1ογ 937
among the Suevi, 97 by 1000000, 998
10900000 01, 10 0001100001 100001001οε, 011000001οἷ0 511, 518
814, 315 10110 0(ιο(0000110000101Ι 519
0090οο00001100,940 90000000, 90, 10001) 01 17
10100- Bul, St, llt'mgy 01, 11, 79,80
origin 01000100100000100010000 01, 91 1100111910οε, 1101159
Churchof, 84, 91 Beana, 188
1100001001, 99 lieo, 00100001, 159
the 910100) 01, 350, 306 8000010110 ,10010 the Gall 11000195, 196
0100000 01. 39, 119, 895 6000910000-
,00100 0001100...
See 0100 80000000 01 10100 of milk and honey‚ 189, 915
010000010- 01 ashes 438
Church in, 16, 17 01 beans 000 000000, 188
11000001, 73, 74, 168 0101110000010110 0101,189
10000000001000000900151166 01100 1001000109 ,996
90000000 Dus 146, 491, 515 1 01110 hol 011010110Ηίωο 11110316
0100000 0100000 on 193 , 01 the 10010 011010 11001000 Rite, 517,
0000100, 78, 184, 419, 449. see 1100100000. ¹ 599
0010110100 (1·01, 419, 439 (,100100100001100000010, 413

 

