m

80010100, 844

fflf, 89, 88

0001010100 04 44, 98
1400100 Limgypm 841040, 98
memma
80800110, 484( 4180004), 44
1401110004, 90
(1011004104, 46
ἶρλρλαῷα. 80080040
1010111-
10000100 04, 61, 110
1041040084100’1140400, 77, 84
1801100100,177 181
10480 (10180001400417
80100001014 94010108 487, 480, 488487 489,
8010000400,180
8010410, 480 (10 48081000),187,198
801400140-
040004040, 170
04 0 8000041000, 844
040000100104,440
04 00 0408800000 170
84810040, (1811408 10 48, 80
8411001088
800804404- ·
sustin 84044040 deseri 4400044914 000.
early (1000440410οο4,
(100040100108104100 04, 480 04 neq.
0014000110,’1’80001100’447
001008000000401014011 44001, 497. See
0100 14000
8001080101, 04 Prny 01 80011-
Β 4400, 74,110
08040οἰ00, 78, 78, 79, 880, 876, 877
8110001000Λό 848
Eup 1101040, 84. 188, 180
8100001140144
11404010οι-
0400400111101000, 486, 489, 808, 817
8888880888
04 00404 114 dedication, 408
04 0014, 496
04810011, 886
Emmaus, 499, 844, 846, 848, 866
Exulat, 484

F

4444481111, 111111, 111, 101
00100814 04 480
10000 040110 &mmmmm 448
1110001100,111, 1010011ιο 1
804040 80041101, 884
1400011000, 440
(100101οη4041, single 0110004100 40, 448
4084ὲο ‘Cam’ 8 00 884, Ρ884, 888, 888.
α 00 810010011410 manu 1

ι 80411οΡ

ι 08014080118ἒ7 Ρο40,

[mx.

800040 04 400444010-

0011118, 488

10040840, 488

1100104081οϋ7

ffiow’ 44676 481
11188818
10100014080000,100,101
{mm ’11144 ¹⁸⁸* ¹³⁶
801001411οΨ48 (0044400 ο4’ ΗΜ med
1111148404ιι ΝὝΙΡ) ’m m
18844 14184ιῖ 1.
8100018840, 0010100 04, 810
fimum, 9:1⁸8 108 474489
101100141ωο 4104’),’” 100, 101
80040, 01000100010811011, 849
84004100 0448084008,

10 480 8004010 1114040088

40 Roman (10000, 184

10 480 &¹⁸2¹ng
84008408 (41104011, 84, 44

0003 l 8, 3002108οᾶ1018 48014 8108000,
11411400, 104

8108000 40004νο 00111001, 886
7000101010αῆ 468, 478

G

(10111000 14411100, 114, 189-447
(10111000 Servios-books, 181· 160
(10111000 1100448
1088414
view! 14448 regn-d 40 48098
4110100 14448 800100 Um, 99
books 04, 1 1, 148,”’ 1882

0003004140, 04 (0000000880 8001010000,

0041110040, 889
1107(101111110’4”, 448

(10111, (4111408 04-
metropolitan system introduced 11140,
(111ῗοἐὲιο (18040110 84

’ 81000004 00000140 4100,94,,8597

110100 01411 840ωο080108, 48

10800000180144100, 94
(1010010080010100040408008004010004040
(10001481084, 188

 

