INDEX.

Α 10511ξὸ0, 81, 1110 namo in the 60000,
» 00 Virgino, 421, 422, 423
1111000000, 1110, 01 11001100101100 01 801011 00 10 “ e, 432
(0000101), 304, 392 Ambrooinn 5111011000)-
10100100101011110, 329, 331 nito. 88, 105,·245, 285
1111110 1101110011 Rite, 324 1110011001 111111 00111000, 88
mona, 473 11001010 1011110000 10, 93
40011100, 299, 644, 345, 352, 366, 458, 469 Ι 1110101001 books, 166
8001101110 ond Felix, SS., 136 , Sacramentum, 160
norim, 81,, 0110101101, 124, 479. See ¹ Λη11011011111100,160
0108001000οΜ. 190001οΡ0110 (0000173178
Africa, 0110101101, 0110001010 11110035 Initum, 88, 176, 177, 1911, 101, 102,
5111110ρο 1100100111001, 385 193, 194, 195, 198, 204, 205, 206, 207,
dedication 0110110010, 111 100111, 1111110110, 1101111110,
ognpe, 49, 231, 536 222, 229, 224, 226, 227
1100110110, 150, 180, 257, 470, 484 ,41001115010011ἳο1 chasuble), 881
11111100111011100, 191 000οι1111 ⁸01 wine). 173, 459
Albanio, 29 4009010900, 456
Albano, 1110110001, 362 ,4001000010 (00010100101011011 01 Christ),
Albe, 381 . 11100111ος01, 61
Aleum, 104, 129, 253 10 111οΝ0010ῐί011 Hturgy, 70
8100000110, 16, 17, 24, 241, 243 in the Roman 11000, 181
110001, 54, 79, 230, 232 1110011010, 1110, 68, 70, 81, 110, 176
10011001, 75, 82 10 tho 1100101100 1111111100, 70
1110110001, 18, 23, 378 1101100100,176, 178
0000001100 01 1111010101, 237 0111101100 50100100, 75, 82
4110111111, 114 01 81. 110011, 80
10 1110 1101111111 Mass, 167, 168 01 St. Cyril, 81
in 1110 (10111000 111000, 196, 204, 206 018111 ry 1101100100, 81
010011001100, 359 8110010011, 11101101, 491
1111110 0111111011, 456, 472 110011011100, 419
0101101101, 0010010110 01, 409, 417 Ancyra, 0011001101, 20
111101- Andron, 81,, 283
eloth, 205 Annalium, 482
110011, 205806 1400101100. See 0100 chriam 0011011111-
1110001ος 01, 406, 413 motio, 333
0100111113 01, 406 01001001001000, 303, 317, 331
01000, 406 bloooing 01011101, 305
1001101100 01, 410 0150011010, 330, 335
nnointing 01, 410 01 confirmation, 314, 325, 330
Amanus, 104, 147 01 tho 110000 01 ordination, 372, 375
1411101111, 81, ordo 01, 149, 455 01 1110110000 in 1110 (10111000 Rite, 132,
Ambo, 114 169, 353 370, 372, 375, 878
1401111000, 81,,3201000, 86, 93, 105, 442 : 0101101 01 dedication, 411
101101000000110110001011001103, 115 1 0101101011, 406, 412

 

